Pinhole Calibration performed: Fri Aug  7 20:09:03 2015
0.000688855
1292	964	9.44836
9
cam1
9347.5	96.1959	-770.919	368191
-139.605	9324.17	-913.118	307205
0.147159	0.148849	0.96282	967.533
-51.3396	-963.37	4.94066e-324	
cam2
9358.28	96.0194	629.17	312105
0.155647	9324.15	-923.753	313569
-3.90064e-06	0.148869	0.97383	960.85
-47.9463	-933.198	4.94066e-324	
cam3
9157.34	95.8167	2015.05	277897
139.921	9324.17	-913.091	298034
-0.147169	0.148851	0.962817	977.281
-44.5165	-903.057	4.94066e-324	
cam4
9348.58	0.161972	-763.898	362750
71.5811	9358.28	469.35	262168
0.148853	8.26331e-06	0.973833	959.092
97.7382	-951.826	4.94066e-324	
cam5
9358.32	0.00265933	635.792	305805
0.0257258	9358.28	474.754	258292
5.52482e-05	2.12367e-06	0.984974	951.038
101.05	-920.404	4.94066e-324	
cam6
9156.24	-0.160465	2022.23	272540
-71.577	9358.28	469.351	266925
-0.148865	8.24097e-06	0.973831	968.976
104.575	-891.534	4.94066e-324	
cam7
9347.5	-95.8842	-770.935	372219
281.167	9180.68	1841.35	232762
0.147165	-0.148848	0.962818	973.781
246.814	-940.221	4.94066e-324	
cam8
9358.28	-96.0139	629.162	316141
-0.167353	9180.63	1862.63	219969
-2.98583e-06	-0.148876	0.973829	967.112
250.261	-910.057	4.94066e-324	
cam9
9157.33	-96.1248	2015.08	281966
-281.49	9180.68	1841.29	251353
-0.147177	-0.148848	0.962816	983.599
253.672	-879.974	4.94066e-324	
0
