Pinhole Calibration performed: Fri Aug  7 15:34:59 2015
0.0141887
1292	964	9.44836
9
cam1
9316.56	96.5556	-764.82	722934
-138.996	9293.25	-907.125	482996
0.147008	0.148708	0.962895	1013.37
-18.0788	-1012.91	4.94066e-324	
cam2
9326.86	96.0987	629.197	728589
-0.0233122	9293.24	-917.594	494370
-7.77415e-06	0.148712	0.973885	1000.54
-18.477	-985.56	4.94066e-324	
cam3
9126.61	95.6173	2008.98	746538
138.962	9293.25	-907.115	484940
-0.147019	0.148706	0.962893	1009.67
-18.8459	-958.283	4.94066e-324	
cam4
9317.65	0.126375	-757.752	715471
71.5418	9326.86	469.374	508273
0.148698	7.58346e-06	0.973887	1001.81
129.132	-993.227	4.94066e-324	
cam5
9326.9	0.00154746	635.838	720209
0.0236441	9326.86	474.781	501411
5.07926e-05	4.37763e-07	0.985005	987.546
128.497	-964.633	4.94066e-324	
cam6
9125.5	-0.125607	2016.14	739060
-71.5388	9326.86	469.374	506478
-0.148712	7.5973e-06	0.973885	998.073
128.2	-938.614	4.94066e-324	
cam7
9316.56	-96.3154	-764.844	722070
280.483	9149.89	1835.4	543446
0.147014	-0.148707	0.962894	1012.04
276.273	-973.458	4.94066e-324	
cam8
9326.86	-96.0939	629.187	727731
0.0080906	9149.87	1856.52	519723
-6.75435e-06	-0.148721	0.973883	999.218
275.742	-946.136	4.94066e-324	
cam9
9126.6	-95.8533	2009.01	745718
-280.458	9149.9	1835.37	537974
-0.147026	-0.148703	0.962892	1008.41
275.194	-918.958	4.94066e-324	
0
